0 0.1890625 0.48515625 0.05234375 0.27578125
0 0.396875 0.42578125 0.065625 0.18515625
0 0.36640625 0.50703125 0.06015625 0.26953125
0 0.4484375 0.4828125 0.05625 0.26875
0 0.503125 0.50546875 0.05703125 0.24921875
0 0.5671875 0.50546875 0.053125 0.2578125
0 0.615625 0.45859375 0.04765625 0.275
0 0.66484375 0.5046875 0.04296875 0.2875
0 0.728125 0.36484375 0.04453125 0.07890625
0 0.7546875 0.45625 0.040625 0.20078125
0 0.72421875 0.51015625 0.0578125 0.275
0 0.82265625 0.38828125 0.04453125 0.10703125
0 0.828125 0.50859375 0.08359375 0.2359375
0 0.92421875 0.5140625 0.06796875 0.27421875