0 0.290625 0.41328125 0.1125 0.153125
0 0.25 0.5078125 0.1234375 0.2015625
0 0.4953125 0.353125 0.059375 0.08671875
0 0.51640625 0.41328125 0.075 0.13203125
0 0.409375 0.52734375 0.0875 0.2015625
0 0.50078125 0.54140625 0.07734375 0.225
0 0.63359375 0.375 0.06796875 0.08515625
0 0.7078125 0.38125 0.0859375 0.11953125
0 0.778125 0.4484375 0.059375 0.134375
0 0.8171875 0.5421875 0.096875 0.23046875
0 0.703125 0.4625 0.065625 0.14140625
0 0.59375 0.50390625 0.065625 0.17890625
0 0.66484375 0.55625 0.08046875 0.21171875