0 0.60546875 0.2734375 0.03203125 0.07109375
0 0.6390625 0.4703125 0.0703125 0.3765625
0 0.5609375 0.265625 0.02734375 0.0578125
0 0.578125 0.35625 0.0390625 0.1984375
0 0.53046875 0.28125 0.02578125 0.04453125
0 0.546875 0.32578125 0.0265625 0.09609375
0 0.53203125 0.4765625 0.05390625 0.346875
0 0.49296875 0.25 0.0515625 0.08515625
0 0.47421875 0.390625 0.05546875 0.296875
0 0.43671875 0.2921875 0.03828125 0.0890625
0 0.38515625 0.290625 0.03515625 0.06484375
0 0.4140625 0.296875 0.02265625 0.06171875
0 0.41015625 0.4703125 0.0734375 0.36484375