0 0.15234375 0.459375 0.04375 0.215625
0 0.24140625 0.4515625 0.03359375 0.22734375
0 0.28828125 0.4265625 0.02265625 0.14921875
0 0.3046875 0.46796875 0.034375 0.19921875
0 0.53125 0.47890625 0.05234375 0.1953125
0 0.596875 0.434375 0.03046875 0.1484375
0 0.58515625 0.48671875 0.04140625 0.1890625
0 0.6484375 0.44140625 0.02421875 0.1515625
0 0.63046875 0.48671875 0.0375 0.20859375
0 0.7734375 0.4046875 0.025 0.04296875
0 0.7640625 0.48828125 0.0375 0.19453125
0 0.83515625 0.41875 0.0234375 0.07578125
0 0.825 0.5140625 0.03515625 0.19375
0 0.86328125 0.503125 0.03359375 0.1921875