0 0.15546875 0.496875 0.0578125 0.234375
0 0.240625 0.49609375 0.04375 0.271875
0 0.31484375 0.42578125 0.03203125 0.0875
0 0.3015625 0.52109375 0.05546875 0.25546875
0 0.4359375 0.51640625 0.059375 0.23828125
0 0.5140625 0.46796875 0.04609375 0.21640625
0 0.4890625 0.5296875 0.04453125 0.24453125
0 0.57421875 0.40546875 0.0375 0.08203125
0 0.55546875 0.5140625 0.046875 0.25546875
0 0.64765625 0.48125 0.05546875 0.24765625
0 0.70234375 0.51953125 0.046875 0.24921875
0 0.821875 0.53515625 0.03984375 0.246875
0 0.86015625 0.525 0.04296875 0.221875