0 0.16953125 0.51328125 0.05703125 0.28125
0 0.28984375 0.490625 0.04765625 0.2828125
0 0.375 0.50390625 0.05 0.26640625
0 0.3234375 0.53046875 0.06796875 0.28046875
0 0.46953125 0.50859375 0.0546875 0.275
0 0.51640625 0.53359375 0.0484375 0.30078125
0 0.56953125 0.49296875 0.0515625 0.30703125
0 0.62578125 0.50859375 0.05234375 0.271875
0 0.67734375 0.421875 0.04921875 0.18828125
0 0.69375 0.5359375 0.0515625 0.28515625
0 0.7671875 0.4609375 0.05234375 0.21875
0 0.78515625 0.528125 0.059375 0.2421875
0 0.86640625 0.53984375 0.05859375 0.3125