0 0.115625 0.4796875 0.0390625 0.1640625
0 0.1828125 0.4765625 0.02890625 0.19375
0 0.23828125 0.47578125 0.03515625 0.16171875
0 0.27421875 0.4953125 0.0421875 0.18828125
0 0.35390625 0.49921875 0.0359375 0.18359375
0 0.4265625 0.4890625 0.046875 0.1921875
0 0.53984375 0.5140625 0.0453125 0.18046875
0 0.56953125 0.471875 0.028125 0.1265625
0 0.60078125 0.51015625 0.0375 0.18359375
0 0.65625 0.5203125 0.03359375 0.16171875
0 0.7109375 0.509375 0.03046875 0.1875
0 0.740625 0.50859375 0.03125 0.1953125
0 0.76875 0.51640625 0.0375 0.1875
0 0.85859375 0.51953125 0.03125 0.19609375