0 0.221875 0.54609375 0.0546875 0.31953125
0 0.328125 0.49453125 0.046875 0.2796875
0 0.41640625 0.521875 0.0453125 0.2625
0 0.36640625 0.54375 0.0578125 0.2921875
0 0.5015625 0.525 0.05 0.27421875
0 0.54296875 0.54453125 0.0421875 0.275
0 0.5890625 0.50234375 0.05 0.265625
0 0.634375 0.515625 0.05 0.2390625
0 0.684375 0.43671875 0.04921875 0.153125
0 0.7125 0.44453125 0.03984375 0.103125
0 0.69609375 0.54296875 0.05078125 0.27734375
0 0.75625 0.49921875 0.03203125 0.2625
0 0.790625 0.55625 0.04921875 0.2625
0 0.85390625 0.5421875 0.0578125 0.2859375