0 0.15703125 0.4546875 0.0796875 0.228125
0 0.30390625 0.3734375 0.0546875 0.2265625
0 0.4171875 0.45390625 0.05625 0.23203125
0 0.525 0.38046875 0.0625 0.2078125
0 0.64296875 0.38125 0.053125 0.25390625
0 0.72109375 0.2703125 0.05 0.0875
0 0.72109375 0.33359375 0.046875 0.0671875
0 0.70625 0.4359375 0.04296875 0.1546875
0 0.73828125 0.4875 0.04453125 0.25546875
0 0.5859375 0.41796875 0.0484375 0.2296875
0 0.87890625 0.35546875 0.06015625 0.15
0 0.84765625 0.4328125 0.05390625 0.22265625
0 0.93515625 0.4265625 0.0453125 0.246875
0 0.4875 0.4671875 0.05 0.2390625