0 0.27578125 0.35234375 0.0875 0.15078125
0 0.3453125 0.36640625 0.0859375 0.14921875
0 0.42578125 0.40625 0.08046875 0.19296875
0 0.52890625 0.27734375 0.0640625 0.11171875
0 0.534375 0.35234375 0.04609375 0.18515625
0 0.603125 0.30703125 0.0203125 0.04453125
0 0.58046875 0.38671875 0.046875 0.1921875
0 0.6640625 0.27578125 0.0640625 0.0921875
0 0.68203125 0.28984375 0.06484375 0.06015625
0 0.68046875 0.37421875 0.10546875 0.1734375
0 0.771875 0.3765625 0.06640625 0.1921875
0 0.85 0.36796875 0.0859375 0.20390625