0 0.209375 0.38984375 0.090625 0.2375
0 0.47265625 0.2234375 0.059375 0.13984375
0 0.52734375 0.38828125 0.08203125 0.2234375
0 0.65390625 0.27109375 0.08515625 0.0921875
0 0.79453125 0.2640625 0.07109375 0.13125
0 0.76015625 0.3390625 0.0875 0.20546875
0 0.64296875 0.3375 0.05078125 0.09609375
0 0.66015625 0.3890625 0.07109375 0.13515625
0 0.6875 0.49140625 0.078125 0.19375
0 0.86796875 0.27578125 0.04921875 0.08515625
0 0.88046875 0.3796875 0.06796875 0.203125
0 0.98515625 0.34609375 0.0296875 0.2328125