0 0.19375 0.46015625 0.075 0.22265625
0 0.4109375 0.33984375 0.06875 0.20390625
0 0.5109375 0.4421875 0.0640625 0.2
0 0.61328125 0.353125 0.05703125 0.1359375
0 0.59296875 0.46015625 0.059375 0.23671875
0 0.7265625 0.30234375 0.05390625 0.09765625
0 0.7 0.35390625 0.071875 0.10078125
0 0.6796875 0.46875 0.065625 0.17890625
0 0.725 0.51171875 0.06953125 0.225
0 0.81171875 0.41015625 0.05703125 0.196875
0 0.91171875 0.24140625 0.05546875 0.17421875
0 0.9515625 0.35234375 0.04140625 0.15234375
0 0.97578125 0.4140625 0.0453125 0.228125
0 0.88125 0.42890625 0.06171875 0.21796875