0 0.1609375 0.490625 0.04375 0.19140625
0 0.23515625 0.48046875 0.0421875 0.19921875
0 0.28125 0.48515625 0.03046875 0.18671875
0 0.3078125 0.49375 0.0390625 0.18359375
0 0.415625 0.5046875 0.04140625 0.20078125
0 0.4890625 0.48828125 0.03671875 0.1875
0 0.59765625 0.48984375 0.02890625 0.1734375
0 0.63125 0.51484375 0.04140625 0.1875
0 0.5734375 0.528125 0.034375 0.1921875
0 0.79609375 0.47109375 0.021875 0.1171875
0 0.76484375 0.46171875 0.03671875 0.0734375
0 0.7640625 0.53671875 0.040625 0.16640625
0 0.81015625 0.53671875 0.040625 0.18984375
0 0.846875 0.51015625 0.03203125 0.17578125