0 0.37890625 0.4203125 0.1109375 0.1625
0 0.29453125 0.5078125 0.103125 0.19609375
0 0.43125 0.540625 0.075 0.20234375
0 0.51796875 0.58984375 0.0984375 0.20625
0 0.6046875 0.38203125 0.1 0.09375
0 0.5921875 0.4390625 0.096875 0.0859375
0 0.7078125 0.3859375 0.0625 0.08203125
0 0.76796875 0.421875 0.05546875 0.109375
0 0.7234375 0.446875 0.075 0.0765625
0 0.8125 0.46640625 0.06328125 0.0796875
0 0.83515625 0.596875 0.0984375 0.2484375
0 0.73671875 0.48828125 0.07578125 0.14921875
0 0.66875 0.4609375 0.053125 0.09609375
0 0.603125 0.55390625 0.08203125 0.1796875
0 0.6796875 0.62109375 0.11015625 0.2328125