0 0.184375 0.4453125 0.0875 0.23984375
0 0.36875 0.34140625 0.06171875 0.22109375
0 0.46953125 0.440625 0.06328125 0.225
0 0.58359375 0.34375 0.06328125 0.1203125
0 0.56171875 0.43828125 0.0625 0.22265625
0 0.6765625 0.2984375 0.0265625 0.0890625
0 0.6515625 0.3484375 0.053125 0.12421875
0 0.67265625 0.46640625 0.0609375 0.19921875
0 0.71640625 0.490625 0.05546875 0.20859375
0 0.77265625 0.38828125 0.04765625 0.18125
0 0.8375 0.25234375 0.04375 0.1953125
0 0.91484375 0.36640625 0.03671875 0.2328125
0 0.9515625 0.41484375 0.04765625 0.22109375
0 0.85390625 0.42578125 0.0390625 0.23203125