0 0.1734375 0.47890625 0.07421875 0.2609375
0 0.359375 0.43515625 0.059375 0.21484375
0 0.328125 0.50078125 0.08359375 0.2453125
0 0.421875 0.45546875 0.046875 0.2390625
0 0.46640625 0.5140625 0.07734375 0.2859375
0 0.55390625 0.51640625 0.071875 0.2796875
0 0.5984375 0.42734375 0.046875 0.21328125
0 0.64140625 0.484375 0.05625 0.25390625
0 0.71015625 0.35078125 0.03828125 0.06953125
0 0.73515625 0.49609375 0.0515625 0.278125
0 0.69453125 0.50859375 0.04765625 0.29140625
0 0.8046875 0.39921875 0.05625 0.109375
0 0.79765625 0.503125 0.07890625 0.25078125
0 0.890625 0.5109375 0.059375 0.28203125