0 0.12265625 0.5015625 0.04140625 0.20859375
0 0.19609375 0.49921875 0.0296875 0.20546875
0 0.259375 0.509375 0.034375 0.1765625
0 0.2890625 0.51953125 0.040625 0.175
0 0.3578125 0.51484375 0.03828125 0.1875
0 0.44453125 0.5140625 0.03671875 0.18671875
0 0.55625 0.53828125 0.02734375 0.16015625
0 0.57421875 0.49609375 0.02890625 0.13828125
0 0.62109375 0.52578125 0.03984375 0.18984375
0 0.6875 0.5421875 0.028125 0.16640625
0 0.7234375 0.5296875 0.02734375 0.17578125
0 0.759375 0.51875 0.03046875 0.1671875
0 0.78515625 0.53125 0.034375 0.15625
0 0.85859375 0.53359375 0.03046875 0.175