0 0.2046875 0.46640625 0.065625 0.26875
0 0.36484375 0.43828125 0.0453125 0.26171875
0 0.39609375 0.48515625 0.0484375 0.278125
0 0.4625 0.45859375 0.04609375 0.28359375
0 0.51328125 0.484375 0.046875 0.2796875
0 0.56171875 0.48046875 0.0453125 0.26875
0 0.61640625 0.43828125 0.04609375 0.28203125
0 0.65859375 0.45703125 0.04921875 0.2359375
0 0.7171875 0.353125 0.04140625 0.10234375
0 0.753125 0.446875 0.03828125 0.21875
0 0.72265625 0.48125 0.06328125 0.2765625
0 0.79921875 0.4078125 0.04375 0.17578125
0 0.82578125 0.5078125 0.04609375 0.28125
0 0.89375 0.48828125 0.053125 0.28203125