0 0.59140625 0.27421875 0.02890625 0.06484375
0 0.62578125 0.44765625 0.04609375 0.34765625
0 0.57421875 0.275 0.028125 0.03203125
0 0.5765625 0.41640625 0.0515625 0.27109375
0 0.48046875 0.26640625 0.0234375 0.05546875
0 0.49453125 0.2890625 0.040625 0.0609375
0 0.509375 0.30859375 0.0234375 0.06328125
0 0.53125 0.32421875 0.03515625 0.084375
0 0.51953125 0.46953125 0.05546875 0.30859375
0 0.440625 0.33359375 0.034375 0.13046875
0 0.4234375 0.353125 0.0390625 0.13828125
0 0.3859375 0.3234375 0.0359375 0.07421875
0 0.4015625 0.4546875 0.03515625 0.31171875