0 0.21171875 0.41796875 0.05546875 0.20390625
0 0.1734375 0.4734375 0.08125 0.23828125
0 0.40703125 0.3625 0.0484375 0.0609375
0 0.45078125 0.5 0.0453125 0.25234375
0 0.38984375 0.4765625 0.0796875 0.23046875
0 0.5453125 0.34140625 0.04375 0.09609375
0 0.5421875 0.46640625 0.06484375 0.26640625
0 0.678125 0.39296875 0.05234375 0.165625
0 0.62578125 0.37734375 0.05703125 0.07109375
0 0.6390625 0.50703125 0.05390625 0.25703125
0 0.74921875 0.35859375 0.0421875 0.07421875
0 0.80390625 0.478125 0.05234375 0.2609375
0 0.74765625 0.4859375 0.0390625 0.2578125
0 0.9078125 0.46875 0.05234375 0.29765625