0 0.7078125 0.48203125 0.05390625 0.24375
0 0.67265625 0.38359375 0.040625 0.125
0 0.6390625 0.371875 0.05546875 0.1234375
0 0.5921875 0.32109375 0.05546875 0.08125
0 0.5390625 0.29921875 0.0453125 0.0671875
0 0.48984375 0.271875 0.0484375 0.0625
0 0.42578125 0.38203125 0.05 0.246875
0 0.365625 0.33203125 0.07421875 0.19140625
0 0.47265625 0.38359375 0.03828125 0.225
0 0.53359375 0.38125 0.03828125 0.134375
0 0.56796875 0.3828125 0.04921875 0.13203125
0 0.5953125 0.403125 0.0546875 0.121875
0 0.6484375 0.53671875 0.03203125 0.309375