0 0.1578125 0.46875 0.046875 0.2015625
0 0.234375 0.46484375 0.04453125 0.215625
0 0.2765625 0.459375 0.02421875 0.16875
0 0.29609375 0.48359375 0.0359375 0.1921875
0 0.5015625 0.49765625 0.03984375 0.19765625
0 0.5734375 0.46953125 0.025 0.175
0 0.59140625 0.50390625 0.028125 0.1796875
0 0.63828125 0.4125 0.028125 0.0546875
0 0.640625 0.49765625 0.03671875 0.18125
0 0.7890625 0.44453125 0.02421875 0.10546875
0 0.7703125 0.49921875 0.03359375 0.196875
0 0.80625 0.525 0.0390625 0.17421875
0 0.85390625 0.4265625 0.03359375 0.05
0 0.85078125 0.528125 0.0421875 0.203125