0 0.15546875 0.46796875 0.0453125 0.225
0 0.26875 0.43515625 0.03671875 0.21171875
0 0.321875 0.40546875 0.034375 0.096875
0 0.29765625 0.48515625 0.0359375 0.23125
0 0.47421875 0.478125 0.0421875 0.21171875
0 0.52578125 0.39921875 0.025 0.09453125
0 0.51484375 0.49375 0.04609375 0.22890625
0 0.5953125 0.45390625 0.0359375 0.1796875
0 0.56328125 0.48359375 0.0421875 0.21875
0 0.67421875 0.46953125 0.03671875 0.21328125
0 0.7359375 0.43828125 0.03046875 0.1390625
0 0.71015625 0.50234375 0.03984375 0.2375
0 0.80234375 0.51328125 0.0421875 0.2203125
0 0.85546875 0.50625 0.03671875 0.23359375