0 0.2078125 0.36640625 0.0984375 0.1578125
0 0.31484375 0.38359375 0.1015625 0.15859375
0 0.43359375 0.328125 0.0828125 0.125
0 0.41171875 0.4234375 0.0828125 0.17421875
0 0.50234375 0.3828125 0.06328125 0.2046875
0 0.56953125 0.41015625 0.08828125 0.18828125
0 0.596875 0.33515625 0.0359375 0.084375
0 0.6375 0.30546875 0.065625 0.09375
0 0.6578125 0.31640625 0.0796875 0.06875
0 0.6546875 0.40078125 0.0921875 0.190625
0 0.79140625 0.396875 0.09140625 0.19921875
0 0.878125 0.384375 0.1015625 0.18203125