0 0.1375 0.484375 0.0453125 0.2484375
0 0.22578125 0.46640625 0.0546875 0.2578125
0 0.29453125 0.503125 0.04140625 0.2640625
0 0.4265625 0.49609375 0.0328125 0.253125
0 0.515625 0.45 0.05 0.19296875
0 0.4828125 0.5109375 0.046875 0.21796875
0 0.5796875 0.40859375 0.04296875 0.1171875
0 0.5578125 0.5078125 0.05 0.2421875
0 0.64140625 0.4890625 0.046875 0.26875
0 0.7234375 0.4109375 0.03046875 0.0796875
0 0.71171875 0.51953125 0.0453125 0.2515625
0 0.82734375 0.5265625 0.05 0.25234375
0 0.8875 0.52578125 0.04296875 0.2453125