0 0.44765625 0.228125 0.046875 0.1640625
0 0.55703125 0.22578125 0.05390625 0.1421875
0 0.590625 0.25625 0.0578125 0.1265625
0 0.48125 0.23671875 0.0453125 0.1125
0 0.509375 0.26796875 0.0515625 0.1390625
0 0.5453125 0.29296875 0.03984375 0.06875
0 0.53828125 0.353125 0.07265625 0.1171875
0 0.609375 0.2375 0.03359375 0.0578125
0 0.63984375 0.2828125 0.04921875 0.06796875
0 0.62734375 0.31015625 0.04765625 0.0671875
0 0.6296875 0.47265625 0.0890625 0.31640625
0 0.5375 0.50078125 0.04765625 0.284375