0 0.97421875 0.18828125 0.0515625 0.14296875
0 0.96953125 0.29296875 0.046875 0.0875
0 0.98125 0.3859375 0.0375 0.21875
0 0.834375 0.36953125 0.034375 0.19140625
0 0.8796875 0.40625 0.0546875 0.20703125
0 0.7625 0.27890625 0.05390625 0.1265625
0 0.73046875 0.36171875 0.06328125 0.1671875
0 0.63125 0.29453125 0.0546875 0.08828125
0 0.4390625 0.296875 0.08359375 0.1953125
0 0.61875 0.4140625 0.05078125 0.2078125
0 0.6734375 0.4265625 0.0453125 0.1640625
0 0.70546875 0.50859375 0.06015625 0.2390625
0 0.52421875 0.4234375 0.07421875 0.21015625
0 0.19765625 0.4234375 0.0859375 0.21640625