0 0.15390625 0.428125 0.07265625 0.22265625
0 0.32421875 0.34921875 0.07109375 0.22578125
0 0.4109375 0.425 0.059375 0.240625
0 0.76171875 0.284375 0.05078125 0.16015625
0 0.73359375 0.3203125 0.05 0.10625
0 0.68828125 0.4546875 0.04921875 0.2453125
0 0.64375 0.33125 0.053125 0.1984375
0 0.5984375 0.40078125 0.04765625 0.22421875
0 0.53828125 0.3515625 0.0515625 0.13828125
0 0.5140625 0.4296875 0.0625 0.225
0 0.88125 0.35 0.0484375 0.16015625
0 0.85 0.43046875 0.05703125 0.2296875
0 0.934375 0.41484375 0.046875 0.24921875