0 0.16640625 0.4640625 0.09140625 0.26875
0 0.27890625 0.39453125 0.0859375 0.25
0 0.4265625 0.45234375 0.071875 0.2515625
0 0.47890625 0.4609375 0.05546875 0.21328125
0 0.51953125 0.3921875 0.0546875 0.20078125
0 0.57265625 0.434375 0.04765625 0.2484375
0 0.6296875 0.3796875 0.05078125 0.2140625
0 0.68359375 0.33046875 0.04765625 0.17421875
0 0.7 0.38046875 0.04921875 0.140625
0 0.76640625 0.49453125 0.065625 0.24765625
0 0.71875 0.45078125 0.0421875 0.184375
0 0.86640625 0.33359375 0.046875 0.09453125
0 0.85859375 0.45625 0.0625 0.25859375
0 0.94921875 0.44140625 0.053125 0.24609375