0 0.14609375 0.421875 0.0140625 0.034375
0 0.20234375 0.4296875 0.02578125 0.02734375
0 0.240625 0.4328125 0.02421875 0.02578125
0 0.2859375 0.42890625 0.021875 0.02890625
0 0.43046875 0.44375 0.01953125 0.02578125
0 0.478125 0.43984375 0.01875 0.02109375
0 0.5234375 0.44453125 0.01171875 0.0140625
0 0.56640625 0.44921875 0.01015625 0.02578125
0 0.61171875 0.4484375 0.01328125 0.0234375
0 0.6546875 0.4515625 0.01484375 0.02109375
0 0.7 0.45234375 0.01171875 0.0234375
0 0.7515625 0.45703125 0.0125 0.02734375
0 0.79921875 0.4546875 0.01640625 0.028125
0 0.84765625 0.4609375 0.01015625 0.02421875