0 0.2125 0.40078125 0.05625 0.10390625
0 0.24453125 0.51875 0.08984375 0.23125
0 0.415625 0.37578125 0.046875 0.109375
0 0.46171875 0.41875 0.0390625 0.1125
0 0.4390625 0.52734375 0.08125 0.23984375
0 0.52109375 0.534375 0.0703125 0.21484375
0 0.61875 0.3734375 0.08203125 0.09453125
0 0.71171875 0.36015625 0.06171875 0.06640625
0 0.79296875 0.4 0.0640625 0.075
0 0.7046875 0.4109375 0.05 0.05390625
0 0.6296875 0.41328125 0.04296875 0.084375
0 0.62109375 0.52421875 0.0796875 0.23984375
0 0.7109375 0.5328125 0.0875 0.2265625
0 0.81640625 0.5125 0.0796875 0.2328125