0 0.1765625 0.4375 0.08671875 0.253125
0 0.346875 0.33828125 0.06953125 0.22578125
0 0.42578125 0.41484375 0.0546875 0.22109375
0 0.5703125 0.32265625 0.06484375 0.103125
0 0.55703125 0.42890625 0.0484375 0.2109375
0 0.66796875 0.2890625 0.04453125 0.09453125
0 0.63203125 0.38359375 0.04140625 0.21640625
0 0.67890625 0.43671875 0.0453125 0.21953125
0 0.73515625 0.4609375 0.06640625 0.2015625
0 0.76015625 0.3609375 0.05234375 0.1546875
0 0.79609375 0.27265625 0.0515625 0.18984375
0 0.9015625 0.3578125 0.05078125 0.2171875
0 0.9515625 0.39375 0.05703125 0.209375