0 0.17109375 0.47890625 0.08046875 0.2828125
0 0.3296875 0.4546875 0.06015625 0.25625
0 0.38984375 0.47421875 0.0546875 0.2421875
0 0.42734375 0.5109375 0.06875 0.26328125
0 0.271875 0.50859375 0.059375 0.29140625
0 0.56640625 0.421875 0.040625 0.1875
0 0.6609375 0.359375 0.02578125 0.06796875
0 0.784375 0.4578125 0.065625 0.22109375
0 0.69140625 0.4578125 0.05390625 0.2296875
0 0.6 0.46015625 0.059375 0.209375
0 0.5265625 0.515625 0.078125 0.23671875
0 0.63984375 0.49140625 0.05078125 0.246875
0 0.74296875 0.5 0.0703125 0.25859375
0 0.84296875 0.4890625 0.06171875 0.24765625