0 0.175 0.48515625 0.090625 0.2703125
0 0.27265625 0.50234375 0.0671875 0.24609375
0 0.3484375 0.4765625 0.06015625 0.25859375
0 0.41015625 0.428125 0.04609375 0.1390625
0 0.4328125 0.51484375 0.071875 0.24765625
0 0.53046875 0.51796875 0.0578125 0.2796875
0 0.56875 0.4390625 0.04296875 0.21171875
0 0.6015625 0.46015625 0.05390625 0.1640625
0 0.6609375 0.37421875 0.03125 0.059375
0 0.68828125 0.48125 0.0578125 0.23046875
0 0.63984375 0.51171875 0.0484375 0.25
0 0.78828125 0.465625 0.05703125 0.196875
0 0.74140625 0.51328125 0.0609375 0.20390625
0 0.8390625 0.5296875 0.0671875 0.2671875