0 0.14296875 0.52265625 0.05078125 0.25078125
0 0.1984375 0.52890625 0.053125 0.22109375
0 0.43671875 0.41796875 0.03984375 0.071875
0 0.396875 0.415625 0.02421875 0.04765625
0 0.41328125 0.52578125 0.0421875 0.234375
0 0.46484375 0.53828125 0.04921875 0.21796875
0 0.5609375 0.52265625 0.03125 0.2453125
0 0.625 0.4171875 0.03046875 0.05859375
0 0.5953125 0.41328125 0.03359375 0.04609375
0 0.603125 0.54296875 0.05234375 0.240625
0 0.70390625 0.50859375 0.05390625 0.225
0 0.7703125 0.50859375 0.046875 0.221875
0 0.8734375 0.50390625 0.04296875 0.215625