0 0.1375 0.446875 0.04375 0.21484375
0 0.23984375 0.44140625 0.034375 0.22578125
0 0.30390625 0.4546875 0.0359375 0.20859375
0 0.4703125 0.46328125 0.03125 0.2171875
0 0.5234375 0.3796875 0.02421875 0.0671875
0 0.53359375 0.4703125 0.0296875 0.20625
0 0.59375 0.38125 0.028125 0.07890625
0 0.58125 0.478125 0.040625 0.21875
0 0.69296875 0.459375 0.0453125 0.2125
0 0.75859375 0.44921875 0.0234375 0.1671875
0 0.73515625 0.4703125 0.03515625 0.20703125
0 0.825 0.48515625 0.028125 0.20546875
0 0.8703125 0.48125 0.03671875 0.20859375