0 0.159375 0.48359375 0.05546875 0.23359375
0 0.24140625 0.47109375 0.04140625 0.24140625
0 0.3125 0.41640625 0.046875 0.11328125
0 0.29375 0.51015625 0.046875 0.21953125
0 0.44140625 0.49921875 0.0484375 0.2390625
0 0.51484375 0.42421875 0.03828125 0.1375
0 0.49296875 0.5125 0.04375 0.21640625
0 0.578125 0.39609375 0.03515625 0.078125
0 0.55703125 0.50546875 0.046875 0.2265625
0 0.65703125 0.47421875 0.0453125 0.23359375
0 0.72421875 0.45390625 0.04140625 0.14296875
0 0.70234375 0.52421875 0.0453125 0.253125
0 0.81015625 0.51796875 0.0359375 0.2328125
0 0.8765625 0.5328125 0.06484375 0.26015625