0 0.15546875 0.52578125 0.0578125 0.23203125
0 0.246875 0.50546875 0.04609375 0.24609375
0 0.31640625 0.43828125 0.03515625 0.07578125
0 0.30078125 0.5390625 0.0390625 0.24609375
0 0.43671875 0.53125 0.0453125 0.2390625
0 0.52421875 0.484375 0.03828125 0.1953125
0 0.4921875 0.54296875 0.0453125 0.24296875
0 0.56953125 0.40546875 0.0421875 0.05234375
0 0.571875 0.53359375 0.03671875 0.25625
0 0.653125 0.51015625 0.05546875 0.23671875
0 0.73515625 0.44765625 0.0296875 0.0921875
0 0.71875 0.55234375 0.05234375 0.2765625
0 0.82734375 0.56015625 0.04765625 0.228125
0 0.89921875 0.5578125 0.05078125 0.2640625