0 0.16640625 0.440625 0.0796875 0.25
0 0.33046875 0.4203125 0.0484375 0.24921875
0 0.2953125 0.478125 0.06953125 0.25859375
0 0.39453125 0.45546875 0.0484375 0.2796875
0 0.43359375 0.48125 0.08203125 0.2421875
0 0.53515625 0.48671875 0.07265625 0.28359375
0 0.5703125 0.4 0.0609375 0.1859375
0 0.6109375 0.46015625 0.053125 0.21953125
0 0.6734375 0.33359375 0.0421875 0.0671875
0 0.7 0.4515625 0.04765625 0.2328125
0 0.65546875 0.478125 0.04453125 0.26953125
0 0.7859375 0.4109375 0.04609375 0.17109375
0 0.7625 0.47890625 0.06875 0.26796875
0 0.853125 0.48359375 0.06875 0.26328125