0 0.16328125 0.44609375 0.04921875 0.2078125
0 0.2375 0.43203125 0.03984375 0.19609375
0 0.2796875 0.40390625 0.034375 0.12109375
0 0.3 0.44609375 0.05625 0.17578125
0 0.4515625 0.4609375 0.05 0.184375
0 0.53125 0.44375 0.03984375 0.203125
0 0.58359375 0.465625 0.03203125 0.17890625
0 0.61171875 0.41171875 0.0359375 0.11796875
0 0.6328125 0.4609375 0.0375 0.18203125
0 0.759375 0.46640625 0.0375 0.16328125
0 0.79921875 0.3921875 0.03671875 0.0640625
0 0.8546875 0.45078125 0.03671875 0.159375
0 0.83203125 0.48359375 0.028125 0.175
0 0.8015625 0.4984375 0.03671875 0.19375