0 0.6421875 0.35078125 0.03359375 0.08203125
0 0.6359375 0.4765625 0.06484375 0.32421875
0 0.57578125 0.3140625 0.0203125 0.05546875
0 0.5875 0.36484375 0.02890625 0.1125
0 0.57109375 0.47734375 0.05234375 0.28984375
0 0.54296875 0.4296875 0.04453125 0.21171875
0 0.52421875 0.3390625 0.025 0.0546875
0 0.5046875 0.471875 0.0453125 0.30078125
0 0.46953125 0.3421875 0.0359375 0.1125
0 0.4578125 0.3984375 0.03984375 0.165625
0 0.42578125 0.3359375 0.0125 0.05703125
0 0.4140625 0.47578125 0.05234375 0.2875