0 0.14296875 0.54765625 0.05078125 0.29453125
0 0.2671875 0.50078125 0.05625 0.25625
0 0.3578125 0.53828125 0.053125 0.28125
0 0.30703125 0.5609375 0.06015625 0.28203125
0 0.46328125 0.5359375 0.046875 0.2578125
0 0.55859375 0.52109375 0.0578125 0.2859375
0 0.50625 0.553125 0.06171875 0.2859375
0 0.609375 0.55 0.05859375 0.27109375
0 0.65859375 0.4765625 0.05 0.2046875
0 0.68984375 0.55390625 0.0484375 0.27109375
0 0.76171875 0.4921875 0.04921875 0.2
0 0.79296875 0.56875 0.0640625 0.26796875
0 0.8703125 0.5640625 0.065625 0.30625