0 0.6234375 0.40703125 0.06796875 0.1125
0 0.6984375 0.42578125 0.05390625 0.07890625
0 0.71171875 0.46953125 0.0734375 0.11875
0 0.56328125 0.45546875 0.084375 0.10625
0 0.58828125 0.52578125 0.08515625 0.11953125
0 0.64140625 0.5640625 0.0890625 0.19140625
0 0.74453125 0.6578125 0.14453125 0.23671875
0 0.72578125 0.53984375 0.0984375 0.08828125
0 0.5234375 0.5859375 0.1375 0.13828125
0 0.38671875 0.44140625 0.14453125 0.15703125
0 0.240625 0.53046875 0.1375 0.17421875
0 0.3453125 0.58671875 0.10390625 0.16171875
0 0.40546875 0.6375 0.1234375 0.24140625
0 0.5 0.63359375 0.09609375 0.22734375
0 0.53515625 0.68671875 0.14609375 0.18984375