0 0.13671875 0.371875 0.08203125 0.21015625
0 0.19140625 0.38828125 0.1015625 0.2015625
0 0.28046875 0.4 0.12734375 0.2109375
0 0.33125 0.29453125 0.0390625 0.07421875
0 0.365625 0.28828125 0.02890625 0.04453125
0 0.37734375 0.27109375 0.0375 0.07421875
0 0.365625 0.35625 0.0484375 0.153125
0 0.384375 0.39609375 0.08125 0.21328125
0 0.43515625 0.28046875 0.0359375 0.0734375
0 0.4609375 0.2953125 0.0546875 0.06796875
0 0.4953125 0.38046875 0.078125 0.2046875
0 0.5625 0.30703125 0.0328125 0.0515625