0 0.20234375 0.40390625 0.0453125 0.08984375
0 0.21875 0.51875 0.090625 0.23359375
0 0.44296875 0.38671875 0.0484375 0.059375
0 0.41796875 0.51796875 0.0578125 0.25
0 0.47578125 0.4984375 0.0421875 0.23828125
0 0.55078125 0.35859375 0.04140625 0.053125
0 0.53984375 0.5015625 0.05078125 0.26953125
0 0.6046875 0.4015625 0.05 0.08046875
0 0.61328125 0.5171875 0.05234375 0.24765625
0 0.66953125 0.4703125 0.02890625 0.26015625
0 0.7171875 0.490625 0.0375 0.23828125
0 0.8015625 0.47890625 0.04296875 0.22109375
0 0.77265625 0.5015625 0.04765625 0.225
0 0.88828125 0.49375 0.07578125 0.24296875