0 0.17578125 0.49140625 0.0359375 0.2125
0 0.2171875 0.51015625 0.05390625 0.2671875
0 0.40546875 0.50546875 0.0578125 0.2515625
0 0.45078125 0.4421875 0.03984375 0.128125
0 0.47109375 0.51953125 0.04921875 0.21953125
0 0.5328125 0.5078125 0.03671875 0.27421875
0 0.59453125 0.50625 0.06484375 0.190625
0 0.6359375 0.4765625 0.04296875 0.2265625
0 0.67890625 0.4796875 0.04609375 0.23125
0 0.76484375 0.4171875 0.03359375 0.0859375
0 0.73984375 0.5 0.0515625 0.23046875
0 0.87578125 0.5078125 0.0640625 0.25703125