0 0.1546875 0.5234375 0.05 0.27109375
0 0.253125 0.49453125 0.040625 0.275
0 0.33203125 0.49765625 0.053125 0.23359375
0 0.29140625 0.53046875 0.0578125 0.26015625
0 0.4625 0.51484375 0.04375 0.26015625
0 0.49921875 0.52734375 0.04375 0.25390625
0 0.53984375 0.47109375 0.0359375 0.24140625
0 0.61015625 0.38203125 0.03359375 0.0828125
0 0.59453125 0.52421875 0.04765625 0.27265625
0 0.73046875 0.4796875 0.05546875 0.2375
0 0.68125 0.41796875 0.040625 0.065625
0 0.84140625 0.54453125 0.03984375 0.28046875
0 0.78515625 0.54296875 0.0484375 0.2625
0 0.68359375 0.5484375 0.0390625 0.2765625