0 0.23984375 0.38046875 0.11640625 0.1359375
0 0.23671875 0.48203125 0.1296875 0.175
0 0.421875 0.35859375 0.071875 0.08515625
0 0.46640625 0.40625 0.06484375 0.115625
0 0.409375 0.50390625 0.07890625 0.20078125
0 0.49609375 0.53671875 0.0703125 0.20078125
0 0.6125 0.35703125 0.06640625 0.09921875
0 0.621875 0.40703125 0.05390625 0.0671875
0 0.596875 0.53359375 0.071875 0.2328125
0 0.70078125 0.35859375 0.046875 0.0609375
0 0.69921875 0.403125 0.06171875 0.08046875
0 0.68359375 0.5328125 0.078125 0.22265625
0 0.77421875 0.4375 0.05390625 0.13828125
0 0.8109375 0.51328125 0.08515625 0.22578125