0 0.14453125 0.53671875 0.0609375 0.27265625
0 0.26015625 0.55234375 0.0484375 0.2515625
0 0.35859375 0.5140625 0.0640625 0.246875
0 0.44375 0.528125 0.053125 0.2453125
0 0.5421875 0.403125 0.03046875 0.0921875
0 0.52890625 0.51171875 0.04765625 0.2140625
0 0.48984375 0.540625 0.0484375 0.22734375
0 0.58046875 0.52890625 0.0375 0.2625
0 0.6515625 0.48046875 0.03515625 0.140625
0 0.625 0.54375 0.046875 0.23671875
0 0.69921875 0.521875 0.05625 0.24609375
0 0.80390625 0.51328125 0.0328125 0.2375
0 0.8390625 0.5234375 0.05078125 0.21640625
0 0.91484375 0.49453125 0.06015625 0.21015625