0 0.15078125 0.525 0.05703125 0.253125
0 0.24453125 0.52890625 0.05390625 0.24375
0 0.3625 0.51796875 0.053125 0.23515625
0 0.42890625 0.5046875 0.0359375 0.2390625
0 0.49609375 0.46015625 0.0453125 0.1390625
0 0.471875 0.54140625 0.04375 0.2484375
0 0.565625 0.4140625 0.028125 0.08671875
0 0.54765625 0.5265625 0.04140625 0.25546875
0 0.6015625 0.4328125 0.0375 0.0796875
0 0.628125 0.53203125 0.0703125 0.2265625
0 0.71015625 0.5015625 0.0484375 0.23125
0 0.77734375 0.4546875 0.0328125 0.12578125
0 0.80625 0.5109375 0.05078125 0.21328125
0 0.86875 0.4921875 0.053125 0.18671875