0 0.18984375 0.46953125 0.07421875 0.2515625
0 0.26875 0.5125 0.084375 0.2609375
0 0.37890625 0.44765625 0.06015625 0.27265625
0 0.4453125 0.3796875 0.04296875 0.078125
0 0.44921875 0.5203125 0.071875 0.26171875
0 0.53984375 0.52578125 0.05703125 0.25390625
0 0.6046875 0.4078125 0.04765625 0.19296875
0 0.68671875 0.3515625 0.0359375 0.05859375
0 0.7171875 0.38984375 0.05625 0.0671875
0 0.6375 0.38203125 0.034375 0.06015625
0 0.65390625 0.521875 0.0609375 0.24609375
0 0.7421875 0.52421875 0.0625 0.246875
0 0.809375 0.4609375 0.0421875 0.215625
0 0.85625 0.4890625 0.059375 0.21328125