0 0.14296875 0.515625 0.0484375 0.2390625
0 0.19140625 0.5359375 0.0484375 0.240625
0 0.42421875 0.4171875 0.02890625 0.05078125
0 0.3921875 0.51796875 0.06015625 0.2125
0 0.48671875 0.4359375 0.0375 0.1078125
0 0.459375 0.53046875 0.05 0.24609375
0 0.53984375 0.52109375 0.0390625 0.2609375
0 0.628125 0.49921875 0.04921875 0.23046875
0 0.5828125 0.5296875 0.03515625 0.26171875
0 0.68125 0.52265625 0.05078125 0.23984375
0 0.74921875 0.534375 0.04375 0.25
0 0.87734375 0.5140625 0.05703125 0.2578125