0 0.203125 0.4015625 0.128125 0.2140625
0 0.509375 0.2234375 0.09140625 0.15703125
0 0.503125 0.403125 0.09609375 0.19765625
0 0.79453125 0.26875 0.07109375 0.1234375
0 0.75859375 0.35390625 0.059375 0.2234375
0 0.8859375 0.2875 0.06640625 0.1109375
0 0.8578125 0.384375 0.06875 0.20703125
0 0.98984375 0.3734375 0.0203125 0.228125
0 0.65078125 0.27734375 0.0796875 0.0765625
0 0.64296875 0.32890625 0.0796875 0.06015625
0 0.63203125 0.38359375 0.06953125 0.10078125
0 0.65234375 0.51015625 0.08359375 0.22265625