0 0.15625 0.5125 0.053125 0.2609375
0 0.221875 0.51015625 0.078125 0.2171875
0 0.41171875 0.39140625 0.0421875 0.0484375
0 0.4 0.5296875 0.04375 0.2484375
0 0.4390625 0.48359375 0.03828125 0.175
0 0.47265625 0.53515625 0.0390625 0.2640625
0 0.553125 0.52578125 0.046875 0.2515625
0 0.61015625 0.3921875 0.03984375 0.075
0 0.59921875 0.4265625 0.02578125 0.05
0 0.621875 0.534375 0.05625 0.25234375
0 0.725 0.50859375 0.053125 0.2359375
0 0.78828125 0.52421875 0.040625 0.2234375
0 0.884375 0.503125 0.05625 0.2359375