0 0.18984375 0.4921875 0.0890625 0.2921875
0 0.2734375 0.51953125 0.0875 0.26640625
0 0.375 0.465625 0.0625 0.26640625
0 0.440625 0.4203125 0.05703125 0.1171875
0 0.45546875 0.53671875 0.059375 0.2453125
0 0.56171875 0.52578125 0.05703125 0.259375
0 0.60234375 0.43515625 0.04609375 0.2140625
0 0.6796875 0.375 0.05 0.065625
0 0.71875 0.5 0.04609375 0.23515625
0 0.63671875 0.48125 0.03828125 0.21953125
0 0.67265625 0.51171875 0.0484375 0.2390625
0 0.7671875 0.5234375 0.0578125 0.25703125
0 0.82109375 0.475 0.0453125 0.253125
0 0.8703125 0.53203125 0.05078125 0.27265625