0 0.14921875 0.49140625 0.05390625 0.2359375
0 0.2328125 0.49375 0.05078125 0.23984375
0 0.37578125 0.49765625 0.053125 0.25078125
0 0.4203125 0.4828125 0.05 0.203125
0 0.46484375 0.515625 0.04140625 0.24765625
0 0.553125 0.4984375 0.046875 0.27421875
0 0.590625 0.40859375 0.03828125 0.10859375
0 0.62578125 0.50078125 0.04609375 0.25390625
0 0.60078125 0.42109375 0.0265625 0.09375
0 0.72265625 0.48046875 0.06015625 0.23203125
0 0.80234375 0.4953125 0.04765625 0.22265625
0 0.8734375 0.490625 0.07109375 0.203125