0 0.134375 0.4828125 0.040625 0.23125
0 0.2453125 0.4484375 0.040625 0.1984375
0 0.30390625 0.4671875 0.0296875 0.209375
0 0.2703125 0.49921875 0.04609375 0.23125
0 0.48984375 0.42578125 0.0296875 0.11953125
0 0.459375 0.50390625 0.046875 0.215625
0 0.50703125 0.515625 0.0359375 0.228125
0 0.5421875 0.49296875 0.0375 0.20859375
0 0.578125 0.47890625 0.03671875 0.20625
0 0.66875 0.4796875 0.03671875 0.21484375
0 0.72890625 0.503125 0.0265625 0.221875
0 0.70078125 0.51328125 0.0390625 0.2375
0 0.784375 0.5203125 0.04375 0.228125
0 0.846875 0.521875 0.040625 0.2328125