0 0.159375 0.53515625 0.040625 0.2609375
0 0.24609375 0.50078125 0.05078125 0.2625
0 0.30234375 0.42890625 0.0421875 0.07109375
0 0.3015625 0.54453125 0.06875 0.2390625
0 0.44765625 0.5296875 0.04609375 0.259375
0 0.51484375 0.46015625 0.05234375 0.14765625
0 0.5015625 0.5515625 0.06015625 0.24453125
0 0.58671875 0.4421875 0.05234375 0.121875
0 0.56328125 0.5234375 0.04140625 0.23515625
0 0.653125 0.47421875 0.04453125 0.2015625
0 0.6828125 0.45625 0.04765625 0.1140625
0 0.7015625 0.55390625 0.04453125 0.26015625
0 0.8078125 0.56875 0.0640625 0.253125
0 0.8671875 0.55859375 0.04375 0.2578125