0 0.20078125 0.48359375 0.0546875 0.275
0 0.3515625 0.4625 0.05 0.278125
0 0.4453125 0.496875 0.04765625 0.2875
0 0.38203125 0.4984375 0.0515625 0.2765625
0 0.509375 0.49921875 0.04375 0.27265625
0 0.55390625 0.50859375 0.046875 0.26171875
0 0.60703125 0.44765625 0.04296875 0.253125
0 0.69375 0.37421875 0.03828125 0.10859375
0 0.740625 0.40703125 0.03828125 0.09921875
0 0.79140625 0.384375 0.03984375 0.0953125
0 0.6578125 0.48359375 0.07109375 0.25625
0 0.7140625 0.51171875 0.05 0.28671875
0 0.80625 0.51640625 0.04609375 0.28203125
0 0.88984375 0.50546875 0.0484375 0.2796875