0 0.15 0.5078125 0.05390625 0.234375
0 0.26015625 0.53046875 0.05078125 0.24609375
0 0.36171875 0.52421875 0.04375 0.253125
0 0.434375 0.51015625 0.04609375 0.2390625
0 0.51171875 0.4390625 0.0359375 0.08046875
0 0.4828125 0.553125 0.0390625 0.2640625
0 0.54375 0.41484375 0.0375 0.1046875
0 0.58359375 0.521875 0.0546875 0.26640625
0 0.63125 0.52265625 0.04375 0.23984375
0 0.71953125 0.525 0.05625 0.253125
0 0.79765625 0.4984375 0.04140625 0.1875
0 0.82578125 0.53515625 0.0484375 0.2203125
0 0.909375 0.50546875 0.06328125 0.2078125