0 0.13828125 0.54921875 0.0609375 0.296875
0 0.26796875 0.52109375 0.04296875 0.27734375
0 0.34765625 0.51640625 0.05234375 0.2375
0 0.30703125 0.57421875 0.06484375 0.284375
0 0.4484375 0.55625 0.0484375 0.29296875
0 0.50078125 0.56640625 0.05625 0.3015625
0 0.546875 0.52265625 0.053125 0.30625
0 0.59921875 0.5421875 0.0578125 0.275
0 0.659375 0.41796875 0.03359375 0.08828125
0 0.68203125 0.44453125 0.05234375 0.071875
0 0.67421875 0.57734375 0.06953125 0.3015625
0 0.7546875 0.50859375 0.03984375 0.26171875
0 0.78515625 0.57578125 0.05234375 0.27890625
0 0.840625 0.57265625 0.06484375 0.309375