0 0.1921875 0.47578125 0.059375 0.26171875
0 0.38203125 0.38515625 0.0484375 0.11640625
0 0.3859375 0.5140625 0.06875 0.253125
0 0.4578125 0.4796875 0.05078125 0.29140625
0 0.50078125 0.51015625 0.0390625 0.2703125
0 0.5609375 0.50625 0.05390625 0.25859375
0 0.61328125 0.44296875 0.03984375 0.24375
0 0.6546875 0.478125 0.05390625 0.24765625
0 0.71484375 0.35 0.03046875 0.07265625
0 0.74375 0.38828125 0.03515625 0.0984375
0 0.721875 0.5109375 0.04609375 0.284375
0 0.8109375 0.4171875 0.0375 0.15390625
0 0.8296875 0.52109375 0.04765625 0.28828125
0 0.89765625 0.5015625 0.04609375 0.2828125