0 0.146875 0.41640625 0.025 0.03515625
0 0.20234375 0.4171875 0.01875 0.028125
0 0.24140625 0.41796875 0.0234375 0.0265625
0 0.29453125 0.4203125 0.0171875 0.0296875
0 0.434375 0.43125 0.021875 0.034375
0 0.48046875 0.428125 0.01875 0.03125
0 0.528125 0.4359375 0.02265625 0.0296875
0 0.56953125 0.43359375 0.01484375 0.028125
0 0.62109375 0.4359375 0.0125 0.02578125
0 0.659375 0.44296875 0.015625 0.03203125
0 0.7015625 0.4390625 0.01328125 0.028125
0 0.7515625 0.4421875 0.01015625 0.01953125
0 0.7953125 0.44375 0.0125 0.02578125
0 0.85234375 0.446875 0.025 0.01484375